{
 "cells": [
  {
   "cell_type": "code",
   "execution_count": 1,
   "id": "29d703ab",
   "metadata": {},
   "outputs": [],
   "source": [
    "import numpy as np\n",
    "import pandas as pd\n",
    "import seaborn as sns\n",
    "import matplotlib.pyplot as plt\n",
    "import warnings\n",
    "warnings.filterwarnings('ignore')\n",
    "\n",
    "data=pd.read_csv('day.csv')"
   ]
  },
  {
   "cell_type": "code",
   "execution_count": 2,
   "id": "53367239",
   "metadata": {},
   "outputs": [
    {
     "data": {
      "text/html": [
       "<div>\n",
       "<style scoped>\n",
       "    .dataframe tbody tr th:only-of-type {\n",
       "        vertical-align: middle;\n",
       "    }\n",
       "\n",
       "    .dataframe tbody tr th {\n",
       "        vertical-align: top;\n",
       "    }\n",
       "\n",
       "    .dataframe thead th {\n",
       "        text-align: right;\n",
       "    }\n",
       "</style>\n",
       "<table border=\"1\" class=\"dataframe\">\n",
       "  <thead>\n",
       "    <tr style=\"text-align: right;\">\n",
       "      <th></th>\n",
       "      <th>instant</th>\n",
       "      <th>dteday</th>\n",
       "      <th>season</th>\n",
       "      <th>yr</th>\n",
       "      <th>mnth</th>\n",
       "      <th>holiday</th>\n",
       "      <th>weekday</th>\n",
       "      <th>workingday</th>\n",
       "      <th>weathersit</th>\n",
       "      <th>temp</th>\n",
       "      <th>atemp</th>\n",
       "      <th>hum</th>\n",
       "      <th>windspeed</th>\n",
       "      <th>casual</th>\n",
       "      <th>registered</th>\n",
       "      <th>cnt</th>\n",
       "    </tr>\n",
       "  </thead>\n",
       "  <tbody>\n",
       "    <tr>\n",
       "      <th>0</th>\n",
       "      <td>1</td>\n",
       "      <td>2011-01-01</td>\n",
       "      <td>1</td>\n",
       "      <td>0</td>\n",
       "      <td>1</td>\n",
       "      <td>0</td>\n",
       "      <td>6</td>\n",
       "      <td>0</td>\n",
       "      <td>2</td>\n",
       "      <td>0.344167</td>\n",
       "      <td>0.363625</td>\n",
       "      <td>0.805833</td>\n",
       "      <td>0.160446</td>\n",
       "      <td>331</td>\n",
       "      <td>654</td>\n",
       "      <td>985</td>\n",
       "    </tr>\n",
       "    <tr>\n",
       "      <th>1</th>\n",
       "      <td>2</td>\n",
       "      <td>2011-01-02</td>\n",
       "      <td>1</td>\n",
       "      <td>0</td>\n",
       "      <td>1</td>\n",
       "      <td>0</td>\n",
       "      <td>0</td>\n",
       "      <td>0</td>\n",
       "      <td>2</td>\n",
       "      <td>0.363478</td>\n",
       "      <td>0.353739</td>\n",
       "      <td>0.696087</td>\n",
       "      <td>0.248539</td>\n",
       "      <td>131</td>\n",
       "      <td>670</td>\n",
       "      <td>801</td>\n",
       "    </tr>\n",
       "    <tr>\n",
       "      <th>2</th>\n",
       "      <td>3</td>\n",
       "      <td>2011-01-03</td>\n",
       "      <td>1</td>\n",
       "      <td>0</td>\n",
       "      <td>1</td>\n",
       "      <td>0</td>\n",
       "      <td>1</td>\n",
       "      <td>1</td>\n",
       "      <td>1</td>\n",
       "      <td>0.196364</td>\n",
       "      <td>0.189405</td>\n",
       "      <td>0.437273</td>\n",
       "      <td>0.248309</td>\n",
       "      <td>120</td>\n",
       "      <td>1229</td>\n",
       "      <td>1349</td>\n",
       "    </tr>\n",
       "    <tr>\n",
       "      <th>3</th>\n",
       "      <td>4</td>\n",
       "      <td>2011-01-04</td>\n",
       "      <td>1</td>\n",
       "      <td>0</td>\n",
       "      <td>1</td>\n",
       "      <td>0</td>\n",
       "      <td>2</td>\n",
       "      <td>1</td>\n",
       "      <td>1</td>\n",
       "      <td>0.200000</td>\n",
       "      <td>0.212122</td>\n",
       "      <td>0.590435</td>\n",
       "      <td>0.160296</td>\n",
       "      <td>108</td>\n",
       "      <td>1454</td>\n",
       "      <td>1562</td>\n",
       "    </tr>\n",
       "    <tr>\n",
       "      <th>4</th>\n",
       "      <td>5</td>\n",
       "      <td>2011-01-05</td>\n",
       "      <td>1</td>\n",
       "      <td>0</td>\n",
       "      <td>1</td>\n",
       "      <td>0</td>\n",
       "      <td>3</td>\n",
       "      <td>1</td>\n",
       "      <td>1</td>\n",
       "      <td>0.226957</td>\n",
       "      <td>0.229270</td>\n",
       "      <td>0.436957</td>\n",
       "      <td>0.186900</td>\n",
       "      <td>82</td>\n",
       "      <td>1518</td>\n",
       "      <td>1600</td>\n",
       "    </tr>\n",
       "  </tbody>\n",
       "</table>\n",
       "</div>"
      ],
      "text/plain": [
       "   instant      dteday  season  yr  mnth  holiday  weekday  workingday  \\\n",
       "0        1  2011-01-01       1   0     1        0        6           0   \n",
       "1        2  2011-01-02       1   0     1        0        0           0   \n",
       "2        3  2011-01-03       1   0     1        0        1           1   \n",
       "3        4  2011-01-04       1   0     1        0        2           1   \n",
       "4        5  2011-01-05       1   0     1        0        3           1   \n",
       "\n",
       "   weathersit      temp     atemp       hum  windspeed  casual  registered  \\\n",
       "0           2  0.344167  0.363625  0.805833   0.160446     331         654   \n",
       "1           2  0.363478  0.353739  0.696087   0.248539     131         670   \n",
       "2           1  0.196364  0.189405  0.437273   0.248309     120        1229   \n",
       "3           1  0.200000  0.212122  0.590435   0.160296     108        1454   \n",
       "4           1  0.226957  0.229270  0.436957   0.186900      82        1518   \n",
       "\n",
       "    cnt  \n",
       "0   985  \n",
       "1   801  \n",
       "2  1349  \n",
       "3  1562  \n",
       "4  1600  "
      ]
     },
     "execution_count": 2,
     "metadata": {},
     "output_type": "execute_result"
    }
   ],
   "source": [
    "data.head()"
   ]
  },
  {
   "cell_type": "code",
   "execution_count": 3,
   "id": "c06f2f55",
   "metadata": {},
   "outputs": [
    {
     "data": {
      "text/html": [
       "<div>\n",
       "<style scoped>\n",
       "    .dataframe tbody tr th:only-of-type {\n",
       "        vertical-align: middle;\n",
       "    }\n",
       "\n",
       "    .dataframe tbody tr th {\n",
       "        vertical-align: top;\n",
       "    }\n",
       "\n",
       "    .dataframe thead th {\n",
       "        text-align: right;\n",
       "    }\n",
       "</style>\n",
       "<table border=\"1\" class=\"dataframe\">\n",
       "  <thead>\n",
       "    <tr style=\"text-align: right;\">\n",
       "      <th></th>\n",
       "      <th>instant</th>\n",
       "      <th>season</th>\n",
       "      <th>yr</th>\n",
       "      <th>mnth</th>\n",
       "      <th>holiday</th>\n",
       "      <th>weekday</th>\n",
       "      <th>workingday</th>\n",
       "      <th>weathersit</th>\n",
       "      <th>temp</th>\n",
       "      <th>atemp</th>\n",
       "      <th>hum</th>\n",
       "      <th>windspeed</th>\n",
       "      <th>casual</th>\n",
       "      <th>registered</th>\n",
       "      <th>cnt</th>\n",
       "    </tr>\n",
       "  </thead>\n",
       "  <tbody>\n",
       "    <tr>\n",
       "      <th>instant</th>\n",
       "      <td>1.000000</td>\n",
       "      <td>0.412224</td>\n",
       "      <td>0.866025</td>\n",
       "      <td>0.496702</td>\n",
       "      <td>0.016145</td>\n",
       "      <td>-0.000016</td>\n",
       "      <td>-0.004337</td>\n",
       "      <td>-0.021477</td>\n",
       "      <td>0.150580</td>\n",
       "      <td>0.152638</td>\n",
       "      <td>0.016375</td>\n",
       "      <td>-0.112620</td>\n",
       "      <td>0.275255</td>\n",
       "      <td>0.659623</td>\n",
       "      <td>0.628830</td>\n",
       "    </tr>\n",
       "    <tr>\n",
       "      <th>season</th>\n",
       "      <td>0.412224</td>\n",
       "      <td>1.000000</td>\n",
       "      <td>-0.001844</td>\n",
       "      <td>0.831440</td>\n",
       "      <td>-0.010537</td>\n",
       "      <td>-0.003080</td>\n",
       "      <td>0.012485</td>\n",
       "      <td>0.019211</td>\n",
       "      <td>0.334315</td>\n",
       "      <td>0.342876</td>\n",
       "      <td>0.205445</td>\n",
       "      <td>-0.229046</td>\n",
       "      <td>0.210399</td>\n",
       "      <td>0.411623</td>\n",
       "      <td>0.406100</td>\n",
       "    </tr>\n",
       "    <tr>\n",
       "      <th>yr</th>\n",
       "      <td>0.866025</td>\n",
       "      <td>-0.001844</td>\n",
       "      <td>1.000000</td>\n",
       "      <td>-0.001792</td>\n",
       "      <td>0.007954</td>\n",
       "      <td>-0.005461</td>\n",
       "      <td>-0.002013</td>\n",
       "      <td>-0.048727</td>\n",
       "      <td>0.047604</td>\n",
       "      <td>0.046106</td>\n",
       "      <td>-0.110651</td>\n",
       "      <td>-0.011817</td>\n",
       "      <td>0.248546</td>\n",
       "      <td>0.594248</td>\n",
       "      <td>0.566710</td>\n",
       "    </tr>\n",
       "    <tr>\n",
       "      <th>mnth</th>\n",
       "      <td>0.496702</td>\n",
       "      <td>0.831440</td>\n",
       "      <td>-0.001792</td>\n",
       "      <td>1.000000</td>\n",
       "      <td>0.019191</td>\n",
       "      <td>0.009509</td>\n",
       "      <td>-0.005901</td>\n",
       "      <td>0.043528</td>\n",
       "      <td>0.220205</td>\n",
       "      <td>0.227459</td>\n",
       "      <td>0.222204</td>\n",
       "      <td>-0.207502</td>\n",
       "      <td>0.123006</td>\n",
       "      <td>0.293488</td>\n",
       "      <td>0.279977</td>\n",
       "    </tr>\n",
       "    <tr>\n",
       "      <th>holiday</th>\n",
       "      <td>0.016145</td>\n",
       "      <td>-0.010537</td>\n",
       "      <td>0.007954</td>\n",
       "      <td>0.019191</td>\n",
       "      <td>1.000000</td>\n",
       "      <td>-0.101960</td>\n",
       "      <td>-0.253023</td>\n",
       "      <td>-0.034627</td>\n",
       "      <td>-0.028556</td>\n",
       "      <td>-0.032507</td>\n",
       "      <td>-0.015937</td>\n",
       "      <td>0.006292</td>\n",
       "      <td>0.054274</td>\n",
       "      <td>-0.108745</td>\n",
       "      <td>-0.068348</td>\n",
       "    </tr>\n",
       "    <tr>\n",
       "      <th>weekday</th>\n",
       "      <td>-0.000016</td>\n",
       "      <td>-0.003080</td>\n",
       "      <td>-0.005461</td>\n",
       "      <td>0.009509</td>\n",
       "      <td>-0.101960</td>\n",
       "      <td>1.000000</td>\n",
       "      <td>0.035790</td>\n",
       "      <td>0.031087</td>\n",
       "      <td>-0.000170</td>\n",
       "      <td>-0.007537</td>\n",
       "      <td>-0.052232</td>\n",
       "      <td>0.014282</td>\n",
       "      <td>0.059923</td>\n",
       "      <td>0.057367</td>\n",
       "      <td>0.067443</td>\n",
       "    </tr>\n",
       "    <tr>\n",
       "      <th>workingday</th>\n",
       "      <td>-0.004337</td>\n",
       "      <td>0.012485</td>\n",
       "      <td>-0.002013</td>\n",
       "      <td>-0.005901</td>\n",
       "      <td>-0.253023</td>\n",
       "      <td>0.035790</td>\n",
       "      <td>1.000000</td>\n",
       "      <td>0.061200</td>\n",
       "      <td>0.052660</td>\n",
       "      <td>0.052182</td>\n",
       "      <td>0.024327</td>\n",
       "      <td>-0.018796</td>\n",
       "      <td>-0.518044</td>\n",
       "      <td>0.303907</td>\n",
       "      <td>0.061156</td>\n",
       "    </tr>\n",
       "    <tr>\n",
       "      <th>weathersit</th>\n",
       "      <td>-0.021477</td>\n",
       "      <td>0.019211</td>\n",
       "      <td>-0.048727</td>\n",
       "      <td>0.043528</td>\n",
       "      <td>-0.034627</td>\n",
       "      <td>0.031087</td>\n",
       "      <td>0.061200</td>\n",
       "      <td>1.000000</td>\n",
       "      <td>-0.120602</td>\n",
       "      <td>-0.121583</td>\n",
       "      <td>0.591045</td>\n",
       "      <td>0.039511</td>\n",
       "      <td>-0.247353</td>\n",
       "      <td>-0.260388</td>\n",
       "      <td>-0.297391</td>\n",
       "    </tr>\n",
       "    <tr>\n",
       "      <th>temp</th>\n",
       "      <td>0.150580</td>\n",
       "      <td>0.334315</td>\n",
       "      <td>0.047604</td>\n",
       "      <td>0.220205</td>\n",
       "      <td>-0.028556</td>\n",
       "      <td>-0.000170</td>\n",
       "      <td>0.052660</td>\n",
       "      <td>-0.120602</td>\n",
       "      <td>1.000000</td>\n",
       "      <td>0.991702</td>\n",
       "      <td>0.126963</td>\n",
       "      <td>-0.157944</td>\n",
       "      <td>0.543285</td>\n",
       "      <td>0.540012</td>\n",
       "      <td>0.627494</td>\n",
       "    </tr>\n",
       "    <tr>\n",
       "      <th>atemp</th>\n",
       "      <td>0.152638</td>\n",
       "      <td>0.342876</td>\n",
       "      <td>0.046106</td>\n",
       "      <td>0.227459</td>\n",
       "      <td>-0.032507</td>\n",
       "      <td>-0.007537</td>\n",
       "      <td>0.052182</td>\n",
       "      <td>-0.121583</td>\n",
       "      <td>0.991702</td>\n",
       "      <td>1.000000</td>\n",
       "      <td>0.139988</td>\n",
       "      <td>-0.183643</td>\n",
       "      <td>0.543864</td>\n",
       "      <td>0.544192</td>\n",
       "      <td>0.631066</td>\n",
       "    </tr>\n",
       "    <tr>\n",
       "      <th>hum</th>\n",
       "      <td>0.016375</td>\n",
       "      <td>0.205445</td>\n",
       "      <td>-0.110651</td>\n",
       "      <td>0.222204</td>\n",
       "      <td>-0.015937</td>\n",
       "      <td>-0.052232</td>\n",
       "      <td>0.024327</td>\n",
       "      <td>0.591045</td>\n",
       "      <td>0.126963</td>\n",
       "      <td>0.139988</td>\n",
       "      <td>1.000000</td>\n",
       "      <td>-0.248489</td>\n",
       "      <td>-0.077008</td>\n",
       "      <td>-0.091089</td>\n",
       "      <td>-0.100659</td>\n",
       "    </tr>\n",
       "    <tr>\n",
       "      <th>windspeed</th>\n",
       "      <td>-0.112620</td>\n",
       "      <td>-0.229046</td>\n",
       "      <td>-0.011817</td>\n",
       "      <td>-0.207502</td>\n",
       "      <td>0.006292</td>\n",
       "      <td>0.014282</td>\n",
       "      <td>-0.018796</td>\n",
       "      <td>0.039511</td>\n",
       "      <td>-0.157944</td>\n",
       "      <td>-0.183643</td>\n",
       "      <td>-0.248489</td>\n",
       "      <td>1.000000</td>\n",
       "      <td>-0.167613</td>\n",
       "      <td>-0.217449</td>\n",
       "      <td>-0.234545</td>\n",
       "    </tr>\n",
       "    <tr>\n",
       "      <th>casual</th>\n",
       "      <td>0.275255</td>\n",
       "      <td>0.210399</td>\n",
       "      <td>0.248546</td>\n",
       "      <td>0.123006</td>\n",
       "      <td>0.054274</td>\n",
       "      <td>0.059923</td>\n",
       "      <td>-0.518044</td>\n",
       "      <td>-0.247353</td>\n",
       "      <td>0.543285</td>\n",
       "      <td>0.543864</td>\n",
       "      <td>-0.077008</td>\n",
       "      <td>-0.167613</td>\n",
       "      <td>1.000000</td>\n",
       "      <td>0.395282</td>\n",
       "      <td>0.672804</td>\n",
       "    </tr>\n",
       "    <tr>\n",
       "      <th>registered</th>\n",
       "      <td>0.659623</td>\n",
       "      <td>0.411623</td>\n",
       "      <td>0.594248</td>\n",
       "      <td>0.293488</td>\n",
       "      <td>-0.108745</td>\n",
       "      <td>0.057367</td>\n",
       "      <td>0.303907</td>\n",
       "      <td>-0.260388</td>\n",
       "      <td>0.540012</td>\n",
       "      <td>0.544192</td>\n",
       "      <td>-0.091089</td>\n",
       "      <td>-0.217449</td>\n",
       "      <td>0.395282</td>\n",
       "      <td>1.000000</td>\n",
       "      <td>0.945517</td>\n",
       "    </tr>\n",
       "    <tr>\n",
       "      <th>cnt</th>\n",
       "      <td>0.628830</td>\n",
       "      <td>0.406100</td>\n",
       "      <td>0.566710</td>\n",
       "      <td>0.279977</td>\n",
       "      <td>-0.068348</td>\n",
       "      <td>0.067443</td>\n",
       "      <td>0.061156</td>\n",
       "      <td>-0.297391</td>\n",
       "      <td>0.627494</td>\n",
       "      <td>0.631066</td>\n",
       "      <td>-0.100659</td>\n",
       "      <td>-0.234545</td>\n",
       "      <td>0.672804</td>\n",
       "      <td>0.945517</td>\n",
       "      <td>1.000000</td>\n",
       "    </tr>\n",
       "  </tbody>\n",
       "</table>\n",
       "</div>"
      ],
      "text/plain": [
       "             instant    season        yr      mnth   holiday   weekday  \\\n",
       "instant     1.000000  0.412224  0.866025  0.496702  0.016145 -0.000016   \n",
       "season      0.412224  1.000000 -0.001844  0.831440 -0.010537 -0.003080   \n",
       "yr          0.866025 -0.001844  1.000000 -0.001792  0.007954 -0.005461   \n",
       "mnth        0.496702  0.831440 -0.001792  1.000000  0.019191  0.009509   \n",
       "holiday     0.016145 -0.010537  0.007954  0.019191  1.000000 -0.101960   \n",
       "weekday    -0.000016 -0.003080 -0.005461  0.009509 -0.101960  1.000000   \n",
       "workingday -0.004337  0.012485 -0.002013 -0.005901 -0.253023  0.035790   \n",
       "weathersit -0.021477  0.019211 -0.048727  0.043528 -0.034627  0.031087   \n",
       "temp        0.150580  0.334315  0.047604  0.220205 -0.028556 -0.000170   \n",
       "atemp       0.152638  0.342876  0.046106  0.227459 -0.032507 -0.007537   \n",
       "hum         0.016375  0.205445 -0.110651  0.222204 -0.015937 -0.052232   \n",
       "windspeed  -0.112620 -0.229046 -0.011817 -0.207502  0.006292  0.014282   \n",
       "casual      0.275255  0.210399  0.248546  0.123006  0.054274  0.059923   \n",
       "registered  0.659623  0.411623  0.594248  0.293488 -0.108745  0.057367   \n",
       "cnt         0.628830  0.406100  0.566710  0.279977 -0.068348  0.067443   \n",
       "\n",
       "            workingday  weathersit      temp     atemp       hum  windspeed  \\\n",
       "instant      -0.004337   -0.021477  0.150580  0.152638  0.016375  -0.112620   \n",
       "season        0.012485    0.019211  0.334315  0.342876  0.205445  -0.229046   \n",
       "yr           -0.002013   -0.048727  0.047604  0.046106 -0.110651  -0.011817   \n",
       "mnth         -0.005901    0.043528  0.220205  0.227459  0.222204  -0.207502   \n",
       "holiday      -0.253023   -0.034627 -0.028556 -0.032507 -0.015937   0.006292   \n",
       "weekday       0.035790    0.031087 -0.000170 -0.007537 -0.052232   0.014282   \n",
       "workingday    1.000000    0.061200  0.052660  0.052182  0.024327  -0.018796   \n",
       "weathersit    0.061200    1.000000 -0.120602 -0.121583  0.591045   0.039511   \n",
       "temp          0.052660   -0.120602  1.000000  0.991702  0.126963  -0.157944   \n",
       "atemp         0.052182   -0.121583  0.991702  1.000000  0.139988  -0.183643   \n",
       "hum           0.024327    0.591045  0.126963  0.139988  1.000000  -0.248489   \n",
       "windspeed    -0.018796    0.039511 -0.157944 -0.183643 -0.248489   1.000000   \n",
       "casual       -0.518044   -0.247353  0.543285  0.543864 -0.077008  -0.167613   \n",
       "registered    0.303907   -0.260388  0.540012  0.544192 -0.091089  -0.217449   \n",
       "cnt           0.061156   -0.297391  0.627494  0.631066 -0.100659  -0.234545   \n",
       "\n",
       "              casual  registered       cnt  \n",
       "instant     0.275255    0.659623  0.628830  \n",
       "season      0.210399    0.411623  0.406100  \n",
       "yr          0.248546    0.594248  0.566710  \n",
       "mnth        0.123006    0.293488  0.279977  \n",
       "holiday     0.054274   -0.108745 -0.068348  \n",
       "weekday     0.059923    0.057367  0.067443  \n",
       "workingday -0.518044    0.303907  0.061156  \n",
       "weathersit -0.247353   -0.260388 -0.297391  \n",
       "temp        0.543285    0.540012  0.627494  \n",
       "atemp       0.543864    0.544192  0.631066  \n",
       "hum        -0.077008   -0.091089 -0.100659  \n",
       "windspeed  -0.167613   -0.217449 -0.234545  \n",
       "casual      1.000000    0.395282  0.672804  \n",
       "registered  0.395282    1.000000  0.945517  \n",
       "cnt         0.672804    0.945517  1.000000  "
      ]
     },
     "execution_count": 3,
     "metadata": {},
     "output_type": "execute_result"
    }
   ],
   "source": [
    "data.corr()"
   ]
  },
  {
   "cell_type": "code",
   "execution_count": 4,
   "id": "e95dc60c",
   "metadata": {},
   "outputs": [],
   "source": [
    "data.drop(labels=['instant','dteday','casual','registered','holiday','weekday','workingday','temp'],axis=1,inplace=True)"
   ]
  },
  {
   "cell_type": "code",
   "execution_count": 5,
   "id": "65d16638",
   "metadata": {},
   "outputs": [
    {
     "name": "stdout",
     "output_type": "stream",
     "text": [
      "<class 'pandas.core.frame.DataFrame'>\n",
      "RangeIndex: 731 entries, 0 to 730\n",
      "Data columns (total 8 columns):\n",
      " #   Column      Non-Null Count  Dtype  \n",
      "---  ------      --------------  -----  \n",
      " 0   season      731 non-null    int64  \n",
      " 1   yr          731 non-null    int64  \n",
      " 2   mnth        731 non-null    int64  \n",
      " 3   weathersit  731 non-null    int64  \n",
      " 4   atemp       731 non-null    float64\n",
      " 5   hum         731 non-null    float64\n",
      " 6   windspeed   731 non-null    float64\n",
      " 7   cnt         731 non-null    int64  \n",
      "dtypes: float64(3), int64(5)\n",
      "memory usage: 45.8 KB\n"
     ]
    }
   ],
   "source": [
    "data.info()"
   ]
  },
  {
   "cell_type": "code",
   "execution_count": 15,
   "id": "0ad4dc5b",
   "metadata": {},
   "outputs": [
    {
     "data": {
      "text/html": [
       "<div>\n",
       "<style scoped>\n",
       "    .dataframe tbody tr th:only-of-type {\n",
       "        vertical-align: middle;\n",
       "    }\n",
       "\n",
       "    .dataframe tbody tr th {\n",
       "        vertical-align: top;\n",
       "    }\n",
       "\n",
       "    .dataframe thead th {\n",
       "        text-align: right;\n",
       "    }\n",
       "</style>\n",
       "<table border=\"1\" class=\"dataframe\">\n",
       "  <thead>\n",
       "    <tr style=\"text-align: right;\">\n",
       "      <th></th>\n",
       "      <th>season</th>\n",
       "      <th>yr</th>\n",
       "      <th>mnth</th>\n",
       "      <th>weathersit</th>\n",
       "      <th>atemp</th>\n",
       "      <th>hum</th>\n",
       "      <th>windspeed</th>\n",
       "      <th>cnt</th>\n",
       "    </tr>\n",
       "  </thead>\n",
       "  <tbody>\n",
       "    <tr>\n",
       "      <th>season</th>\n",
       "      <td>1.000000</td>\n",
       "      <td>-0.001844</td>\n",
       "      <td>0.831440</td>\n",
       "      <td>0.019211</td>\n",
       "      <td>0.342876</td>\n",
       "      <td>0.205445</td>\n",
       "      <td>-0.229046</td>\n",
       "      <td>0.406100</td>\n",
       "    </tr>\n",
       "    <tr>\n",
       "      <th>yr</th>\n",
       "      <td>-0.001844</td>\n",
       "      <td>1.000000</td>\n",
       "      <td>-0.001792</td>\n",
       "      <td>-0.048727</td>\n",
       "      <td>0.046106</td>\n",
       "      <td>-0.110651</td>\n",
       "      <td>-0.011817</td>\n",
       "      <td>0.566710</td>\n",
       "    </tr>\n",
       "    <tr>\n",
       "      <th>mnth</th>\n",
       "      <td>0.831440</td>\n",
       "      <td>-0.001792</td>\n",
       "      <td>1.000000</td>\n",
       "      <td>0.043528</td>\n",
       "      <td>0.227459</td>\n",
       "      <td>0.222204</td>\n",
       "      <td>-0.207502</td>\n",
       "      <td>0.279977</td>\n",
       "    </tr>\n",
       "    <tr>\n",
       "      <th>weathersit</th>\n",
       "      <td>0.019211</td>\n",
       "      <td>-0.048727</td>\n",
       "      <td>0.043528</td>\n",
       "      <td>1.000000</td>\n",
       "      <td>-0.121583</td>\n",
       "      <td>0.591045</td>\n",
       "      <td>0.039511</td>\n",
       "      <td>-0.297391</td>\n",
       "    </tr>\n",
       "    <tr>\n",
       "      <th>atemp</th>\n",
       "      <td>0.342876</td>\n",
       "      <td>0.046106</td>\n",
       "      <td>0.227459</td>\n",
       "      <td>-0.121583</td>\n",
       "      <td>1.000000</td>\n",
       "      <td>0.139988</td>\n",
       "      <td>-0.183643</td>\n",
       "      <td>0.631066</td>\n",
       "    </tr>\n",
       "    <tr>\n",
       "      <th>hum</th>\n",
       "      <td>0.205445</td>\n",
       "      <td>-0.110651</td>\n",
       "      <td>0.222204</td>\n",
       "      <td>0.591045</td>\n",
       "      <td>0.139988</td>\n",
       "      <td>1.000000</td>\n",
       "      <td>-0.248489</td>\n",
       "      <td>-0.100659</td>\n",
       "    </tr>\n",
       "    <tr>\n",
       "      <th>windspeed</th>\n",
       "      <td>-0.229046</td>\n",
       "      <td>-0.011817</td>\n",
       "      <td>-0.207502</td>\n",
       "      <td>0.039511</td>\n",
       "      <td>-0.183643</td>\n",
       "      <td>-0.248489</td>\n",
       "      <td>1.000000</td>\n",
       "      <td>-0.234545</td>\n",
       "    </tr>\n",
       "    <tr>\n",
       "      <th>cnt</th>\n",
       "      <td>0.406100</td>\n",
       "      <td>0.566710</td>\n",
       "      <td>0.279977</td>\n",
       "      <td>-0.297391</td>\n",
       "      <td>0.631066</td>\n",
       "      <td>-0.100659</td>\n",
       "      <td>-0.234545</td>\n",
       "      <td>1.000000</td>\n",
       "    </tr>\n",
       "  </tbody>\n",
       "</table>\n",
       "</div>"
      ],
      "text/plain": [
       "              season        yr      mnth  weathersit     atemp       hum  \\\n",
       "season      1.000000 -0.001844  0.831440    0.019211  0.342876  0.205445   \n",
       "yr         -0.001844  1.000000 -0.001792   -0.048727  0.046106 -0.110651   \n",
       "mnth        0.831440 -0.001792  1.000000    0.043528  0.227459  0.222204   \n",
       "weathersit  0.019211 -0.048727  0.043528    1.000000 -0.121583  0.591045   \n",
       "atemp       0.342876  0.046106  0.227459   -0.121583  1.000000  0.139988   \n",
       "hum         0.205445 -0.110651  0.222204    0.591045  0.139988  1.000000   \n",
       "windspeed  -0.229046 -0.011817 -0.207502    0.039511 -0.183643 -0.248489   \n",
       "cnt         0.406100  0.566710  0.279977   -0.297391  0.631066 -0.100659   \n",
       "\n",
       "            windspeed       cnt  \n",
       "season      -0.229046  0.406100  \n",
       "yr          -0.011817  0.566710  \n",
       "mnth        -0.207502  0.279977  \n",
       "weathersit   0.039511 -0.297391  \n",
       "atemp       -0.183643  0.631066  \n",
       "hum         -0.248489 -0.100659  \n",
       "windspeed    1.000000 -0.234545  \n",
       "cnt         -0.234545  1.000000  "
      ]
     },
     "execution_count": 15,
     "metadata": {},
     "output_type": "execute_result"
    }
   ],
   "source": [
    "data.corr()"
   ]
  },
  {
   "cell_type": "code",
   "execution_count": 7,
   "id": "bfa10932",
   "metadata": {},
   "outputs": [
    {
     "data": {
